# Per-node blade added-mass matrices (final timestep), global frame.
# One node per block; each block is the node's 6x6 matrix (rows Fx,Fy,Fz,Mx,My,Mz).
# num_nodes = 64
# peak_abs_added_mass = 1.737530e+03
node 1
   4.894439e+01 -2.273484e+00 -2.708441e+00  0.000000e+00 -4.779415e-06  4.011648e-06
  -2.273484e+00  2.896854e+01 -2.410194e+01  4.779415e-06  0.000000e+00 -4.497863e-07
  -2.708441e+00 -2.410194e+01  2.048681e+01 -4.011648e-06  4.497863e-07  0.000000e+00
  -5.417711e-06  1.879218e+00 -1.577406e+00  2.725188e-02  2.425049e-01  2.889003e-01
  -1.879246e+00  1.837618e-04  1.770081e-01  2.425049e-01  2.158009e+00  2.570873e+00
   1.577332e+00 -1.769389e-01 -1.783441e-04  2.889003e-01  2.570873e+00  3.062726e+00
node 2
   3.379855e+02  3.045708e+01 -5.720360e+01 -4.573842e-05  1.045412e-04 -8.345458e-05
   3.045708e+01  8.555233e+01 -7.464605e+01  9.204132e-06  2.184291e-05 -1.921107e-05
  -5.720360e+01 -7.464605e+01  6.799786e+01 -3.458762e-06 -2.806887e-05  2.389551e-05
   8.992542e+00  5.707993e+00 -5.629882e+00  6.451455e-02  5.752417e-01  6.853177e-01
  -2.807183e+01 -4.294717e+00  6.225974e+00  5.752417e-01  5.128801e+00  6.110354e+00
   2.271734e+01  3.069663e+00 -4.697825e+00  6.853177e-01  6.110354e+00  7.279697e+00
node 3
   1.182353e+03  1.822939e+02 -2.631419e+02 -1.829539e-04  5.233133e-04 -4.220757e-04
   1.822939e+02  1.116134e+02 -1.106427e+02 -6.833133e-05  8.737177e-05 -6.694900e-05
  -2.631419e+02 -1.106427e+02  1.173622e+02  7.442184e-05 -1.221710e-04  9.558215e-05
   1.023127e+01  6.021230e-01 -1.449225e+00  2.433126e-02  2.176032e-01  2.592683e-01
  -2.603919e+01 -4.898956e+00  6.510512e+00  2.176031e-01  1.945999e+00  2.318610e+00
   2.089753e+01  4.059681e+00 -5.332319e+00  2.592683e-01  2.318610e+00  2.762562e+00
node 4
   1.518738e+03  2.434068e+02 -3.444781e+02  1.078097e-05 -3.138674e-05  2.534977e-05
   2.434068e+02  1.221305e+02 -1.249382e+02  4.651876e-06 -5.301297e-06  4.047506e-06
  -3.444781e+02 -1.249382e+02  1.366300e+02 -4.780475e-06  7.026731e-06 -5.479671e-06
   2.118790e+00  9.142587e-01 -9.395198e-01  9.880921e-03  8.971994e-02  1.069766e-01
  -6.169412e+00 -1.042061e+00  1.381192e+00  8.971994e-02  8.157348e-01  9.723467e-01
   4.981321e+00  7.953248e-01 -1.076729e+00  1.069766e-01  9.723467e-01  1.159166e+00
node 5
   1.637001e+03  2.632761e+02 -3.701698e+02  1.978558e-04 -5.762279e-04  4.651499e-04
   2.632761e+02  1.319525e+02 -1.346772e+02  8.443045e-05 -9.497103e-05  7.192139e-05
  -3.701698e+02 -1.346772e+02  1.467184e+02 -8.891449e-05  1.323805e-04 -1.028847e-04
   8.672554e-01  3.845973e-01 -3.715034e-01  1.337098e-02  1.230077e-01  1.466872e-01
  -2.521003e+00 -4.512061e-01  5.270866e-01  1.230077e-01  1.131395e+00  1.349277e+00
   2.041842e+00  3.519973e-01 -4.160493e-01  1.466872e-01  1.349277e+00  1.609079e+00
node 6
   1.641808e+03  2.651600e+02 -3.698847e+02 -2.975852e-05  8.666342e-05 -6.995718e-05
   2.651600e+02  1.327228e+02 -1.350834e+02 -1.274336e-05  1.439372e-05 -1.092637e-05
  -3.698847e+02 -1.350834e+02  1.464812e+02  1.331763e-05 -1.975281e-05  1.536480e-05
  -6.484314e-01 -2.597594e-01  3.124359e-01  1.588859e-02  1.482061e-01  1.768280e-01
   1.888197e+00  2.700159e-01 -4.941197e-01  1.482061e-01  1.382237e+00  1.649268e+00
  -1.524518e+00 -1.938190e-01  3.784156e-01  1.768280e-01  1.649268e+00  1.967846e+00
node 7
   1.553785e+03  2.481194e+02 -3.451105e+02  3.409006e-05 -8.770425e-05  7.045322e-05
   2.481194e+02  1.244768e+02 -1.261930e+02  1.457134e-05 -1.694871e-05  1.289792e-05
  -3.451105e+02 -1.261930e+02  1.362005e+02 -1.526076e-05  2.208503e-05 -1.714135e-05
  -2.420671e+00 -1.015832e+00  1.103609e+00  1.574412e-02  1.492654e-01  1.781992e-01
   4.773380e+00  1.222926e+00 -1.555141e+00  1.492654e-01  1.415128e+00  1.689493e+00
  -3.784584e+00 -9.257850e-01  1.197745e+00  1.781992e-01  1.689493e+00  2.017025e+00
node 8
   1.419185e+03  2.086333e+02 -2.973559e+02 -1.499216e-04  4.829157e-04 -3.912477e-04
   2.086333e+02  1.068463e+02 -1.074897e+02 -6.447150e-05  7.107657e-05 -5.393147e-05
  -2.973559e+02 -1.074897e+02  1.157003e+02  6.686870e-05 -1.010913e-04  7.884498e-05
  -3.124532e+00 -1.294835e+00  1.394813e+00  1.323604e-02  1.280567e-01  1.529812e-01
   5.293550e+00  1.628840e+00 -1.939817e+00  1.280567e-01  1.238845e+00  1.480056e+00
  -4.161329e+00 -1.242544e+00  1.495691e+00  1.529812e-01  1.480056e+00  1.768197e+00
node 9
   1.297447e+03  1.733422e+02 -2.543157e+02 -1.213237e-05  2.222842e-05 -1.756511e-05
   1.733422e+02  9.151018e+01 -9.115664e+01 -4.838235e-06  6.196021e-06 -4.721373e-06
  -2.543157e+02 -9.115664e+01  9.768522e+01  5.268116e-06 -7.682028e-06  5.936351e-06
  -2.385103e+00 -9.511817e-01  1.035691e+00  1.076104e-02  1.066338e-01  1.275115e-01
   4.371949e+00  1.218535e+00 -1.510780e+00  1.066338e-01  1.057822e+00  1.264704e+00
  -3.451162e+00 -9.278129e-01  1.166569e+00  1.275115e-01  1.264704e+00  1.512168e+00
node 10
   1.199943e+03  1.471086e+02 -2.210601e+02  1.137251e-04 -4.154487e-04  3.378784e-04
   1.471086e+02  8.033671e+01 -7.917576e+01  5.008991e-05 -5.264156e-05  3.988218e-05
  -2.210601e+02 -7.917576e+01  8.425419e+01 -5.120085e-05  7.811821e-05 -6.108352e-05
  -1.725309e+00 -6.600512e-01  7.304562e-01  8.786983e-03  8.972474e-02  1.073624e-01
   3.136532e+00  8.669965e-01 -1.108731e+00  8.972474e-02  9.163040e-01  1.096484e+00
  -2.484045e+00 -6.600037e-01  8.583130e-01  1.073624e-01  1.096484e+00  1.312068e+00
node 11
   1.135315e+03  1.290407e+02 -1.974339e+02 -1.232587e-05  5.308624e-05 -4.335321e-05
   1.290407e+02  7.294793e+01 -7.111047e+01 -5.701861e-06  5.540536e-06 -4.190267e-06
  -1.974339e+02 -7.111047e+01  7.498145e+01  5.678829e-06 -8.649014e-06  6.785331e-06
  -1.264045e+00 -4.623581e-01  5.223655e-01  7.301437e-03  7.709862e-02  9.233388e-02
   2.238796e+00  6.232825e-01 -8.287483e-01  7.709862e-02  8.142056e-01  9.751719e-01
  -1.766412e+00 -4.722804e-01  6.407629e-01  9.233388e-02  9.751719e-01  1.167931e+00
node 12
   1.079097e+03  1.147558e+02 -1.777126e+02  4.260912e-05 -1.821789e-04  1.487285e-04
   1.147558e+02  6.710217e+01 -6.470117e+01  1.983616e-05 -1.931930e-05  1.462988e-05
  -1.777126e+02 -6.470117e+01  6.748412e+01 -1.971393e-05  2.969412e-05 -2.328982e-05
  -1.096325e+00 -3.974613e-01  4.503185e-01  6.052325e-03  6.633678e-02  7.952659e-02
   2.195766e+00  5.236797e-01 -7.393567e-01  6.633678e-02  7.277795e-01  8.724249e-01
  -1.748813e+00 -3.947406e-01  5.726449e-01  7.952659e-02  8.724249e-01  1.045857e+00
node 13
   1.023159e+03  1.027292e+02 -1.599915e+02  3.576443e-05 -1.541821e-04  1.258928e-04
   1.027292e+02  6.199268e+01 -5.913848e+01  1.672749e-05 -1.622547e-05  1.229151e-05
  -1.599915e+02 -5.913848e+01  6.092555e+01 -1.658616e-05  2.490668e-05 -1.953897e-05
  -9.669886e-01 -3.524610e-01  3.983436e-01  4.945402e-03  5.661901e-02  6.793270e-02
   2.198708e+00  4.459204e-01 -6.700762e-01  5.661901e-02  6.484721e-01  7.781088e-01
  -1.764294e+00 -3.357235e-01  5.210682e-01  6.793270e-02  7.781088e-01  9.336363e-01
node 14
   9.671796e+02  9.239877e+01 -1.438167e+02  1.091106e-06 -2.750892e-06  2.215934e-06
   9.239877e+01  5.739108e+01 -5.417842e+01  4.018661e-07 -4.887315e-07  3.646419e-07
  -1.438167e+02 -5.417842e+01  5.506310e+01 -4.520848e-07  7.754456e-07 -6.023747e-07
  -8.580261e-01 -3.160788e-01  3.555622e-01  3.978344e-03  4.781532e-02  5.742520e-02
   2.164223e+00  3.839459e-01 -6.095538e-01  4.781532e-02  5.750155e-01  6.906338e-01
  -1.741770e+00 -2.872658e-01  4.740802e-01  5.742520e-02  6.906338e-01  8.294772e-01
node 15
   9.125819e+02  8.354424e+01 -1.291652e+02 -2.699859e-05  1.321950e-04 -1.081875e-04
   8.354424e+01  5.324790e+01 -4.975731e+01 -1.349546e-05  1.228897e-05 -9.353230e-06
  -1.291652e+02 -4.975731e+01  4.984121e+01  1.295237e-05 -1.868912e-05  1.470962e-05
  -7.639946e-01 -2.864207e-01  3.195372e-01  3.153432e-03  4.002820e-02  4.812044e-02
   2.118150e+00  3.328474e-01 -5.546125e-01  4.002820e-02  5.084959e-01  6.113417e-01
  -1.715573e+00 -2.466968e-01  4.311473e-01  4.812044e-02  6.113417e-01  7.349688e-01
node 16
   8.584185e+02  7.581387e+01 -1.157449e+02 -3.062870e-05  1.519129e-04 -1.243510e-04
   7.581387e+01  4.941555e+01 -4.572377e+01 -1.542323e-05  1.395474e-05 -1.062799e-05
  -1.157449e+02 -4.572377e+01  4.511397e+01  1.475040e-05 -2.117682e-05  1.667396e-05
  -6.861740e-01 -2.643065e-01  2.911759e-01  2.457679e-03  3.312298e-02  3.986278e-02
   2.097600e+00  2.921149e-01 -5.078579e-01  3.312298e-02  4.473068e-01  5.382819e-01
  -1.697774e+00 -2.146257e-01  3.940591e-01  3.986278e-02  5.382819e-01  6.477895e-01
node 17
   8.050793e+02  6.903864e+01 -1.034924e+02  2.526518e-05 -1.347763e-04  1.104305e-04
   6.903864e+01  4.585159e+01 -4.202563e+01  1.332662e-05 -1.170130e-05  8.970586e-06
  -1.034924e+02 -4.202563e+01  4.083027e+01 -1.245628e-05  1.717890e-05 -1.356388e-05
  -6.209550e-01 -2.464624e-01  2.674355e-01  1.879504e-03  2.708977e-02  3.263443e-02
   2.063962e+00  2.593004e-01 -4.648963e-01  2.708977e-02  3.914162e-01  4.714870e-01
  -1.680851e+00 -1.901459e-01  3.616546e-01  3.263443e-02  4.714870e-01  5.679666e-01
node 18
   7.525284e+02  6.296148e+01 -9.223277e+01  2.117211e-05 -1.136620e-04  9.313632e-05
   6.296148e+01  4.248613e+01 -3.858489e+01  1.121874e-05 -9.832227e-06  7.544531e-06
  -9.223277e+01 -3.858489e+01  3.691035e+01 -1.046271e-05  1.435756e-05 -1.133989e-05
  -5.626063e-01 -2.298393e-01  2.455422e-01  1.406836e-03  2.186777e-02  2.636517e-02
   2.007192e+00  2.323699e-01 -4.246371e-01  2.186777e-02  3.403793e-01  4.104302e-01
  -1.633610e+00 -1.698672e-01  3.302365e-01  2.636517e-02  4.104302e-01  4.948789e-01
node 19
   7.018935e+02  5.753564e+01 -8.200942e+01  6.497885e-07 -2.471343e-06  2.016610e-06
   5.753564e+01  3.934538e+01 -3.541529e+01  2.736783e-07 -2.666843e-07  1.955041e-07
  -8.200942e+01 -3.541529e+01  3.336058e+01 -2.873894e-07  4.913782e-07 -3.831033e-07
  -5.111094e-01 -2.153103e-01  2.260845e-01  1.034387e-03  1.744944e-02  2.105819e-02
   1.944254e+00  2.093893e-01 -3.861846e-01  1.744944e-02  2.948630e-01  3.558865e-01
  -1.586243e+00 -1.542554e-01  3.017201e-01  2.105819e-02  3.558865e-01  4.295229e-01
node 20
   6.520798e+02  5.253143e+01 -7.261399e+01 -1.593799e-05  9.378413e-05 -7.691779e-05
   5.253143e+01  3.633460e+01 -3.242443e+01 -9.013702e-06  7.677906e-06 -5.963850e-06
  -7.261399e+01 -3.242443e+01  3.008868e+01  8.148351e-06 -1.040759e-05  8.260083e-06
  -4.734588e-01 -2.067494e-01  2.124644e-01  7.436891e-04  1.371749e-02  1.656973e-02
   1.921982e+00  1.951498e-01 -3.555742e-01  1.371749e-02  2.535402e-01  3.062951e-01
  -1.571609e+00 -1.443146e-01  2.783090e-01  1.656973e-02  3.062951e-01  3.700128e-01
node 21
   6.030167e+02  4.784734e+01 -6.398687e+01 -1.806500e-05  1.072988e-04 -8.800991e-05
   4.784734e+01  3.342738e+01 -2.958408e+01 -1.028733e-05  8.741383e-06 -6.799523e-06
  -6.398687e+01 -2.958408e+01  2.706233e+01  9.269242e-06 -1.174065e-05  9.323622e-06
  -4.367073e-01 -1.971336e-01  1.983622e-01  5.233725e-04  1.060714e-02  1.282641e-02
   1.875079e+00  1.829360e-01 -3.249843e-01  1.060714e-02  2.160883e-01  2.612624e-01
  -1.532452e+00 -1.349159e-01  2.537713e-01  1.282641e-02  2.612624e-01  3.159010e-01
node 22
   5.553903e+02  4.345449e+01 -5.614001e+01  1.460419e-05 -9.207051e-05  7.554986e-05
   4.345449e+01  3.064373e+01 -2.690636e+01  8.700321e-06 -7.281402e-06  5.715007e-06
  -5.614001e+01 -2.690636e+01  2.428292e+01 -7.688817e-06  9.185624e-06 -7.322792e-06
  -4.021693e-01 -1.880728e-01  1.851933e-01  3.594920e-04  8.079228e-03  9.778034e-03
   1.823325e+00  1.714204e-01 -2.945543e-01  8.079229e-03  1.827313e-01  2.211137e-01
  -1.493480e+00 -1.275880e-01  2.307489e-01  9.778036e-03  2.211137e-01  2.675785e-01
node 23
   5.089322e+02  3.930600e+01 -4.902674e+01  1.220319e-05 -7.731142e-05  6.344098e-05
   3.930600e+01  2.796203e+01 -2.436951e+01  7.298138e-06 -6.101797e-06  4.793109e-06
  -4.902674e+01 -2.436951e+01  2.172191e+01 -6.440203e-06  7.650748e-06 -6.101395e-06
  -3.710869e-01 -1.795224e-01  1.730004e-01  2.400984e-04  6.055012e-03  7.331523e-03
   1.768148e+00  1.620765e-01 -2.661687e-01  6.055012e-03  1.530064e-01  1.853009e-01
  -1.448242e+00 -1.217523e-01  2.090104e-01  7.331523e-03  1.853009e-01  2.243985e-01
node 24
   4.642524e+02  3.534979e+01 -4.260785e+01  4.356252e-07 -2.150378e-06  1.762210e-06
   3.534979e+01  2.539631e+01 -2.197964e+01  2.164056e-07 -1.960830e-07  1.491157e-07
  -4.260785e+01 -2.197964e+01  1.937228e+01 -2.043084e-07  3.038731e-07 -2.395423e-07
  -3.425944e-01 -1.701983e-01  1.606835e-01  1.577964e-04  4.472404e-03  5.419048e-03
   1.691624e+00  1.542896e-01 -2.390588e-01  4.472404e-03  1.269883e-01  1.538997e-01
  -1.385502e+00 -1.171860e-01  1.883048e-01  5.419048e-03  1.538997e-01  1.865033e-01
node 25
   4.212656e+02  3.155324e+01 -3.684060e+01 -8.707112e-06  6.002303e-05 -4.927391e-05
   3.155324e+01  2.293581e+01 -1.972504e+01 -5.559252e-06  4.528119e-06 -3.596447e-06
  -3.684060e+01 -1.972504e+01  1.721433e+01  4.798212e-06 -5.211936e-06  4.178993e-06
  -3.183899e-01 -1.638298e-01  1.512804e-01  1.021712e-04  3.263003e-03  3.956047e-03
   1.647173e+00  1.481437e-01 -2.147103e-01  3.263003e-03  1.043292e-01  1.265152e-01
  -1.350588e+00 -1.143935e-01  1.702462e-01  3.956047e-03  1.265152e-01  1.534103e-01
node 26
   3.791390e+02  2.787202e+01 -3.164953e+01 -9.797331e-06  6.817793e-05 -5.597052e-05
   2.787202e+01  2.053838e+01 -1.756673e+01 -6.301771e-06  5.118099e-06 -4.070007e-06
  -3.164953e+01 -1.756673e+01  1.520460e+01  5.426461e-06 -5.832018e-06  4.679233e-06
  -2.946339e-01 -1.572529e-01  1.421414e-01  6.631485e-05  2.351086e-03  2.853254e-03
   1.599350e+00  1.424532e-01 -1.914552e-01  2.351085e-03  8.435512e-02  1.023358e-01
  -1.311699e+00 -1.109351e-01  1.521807e-01  2.853254e-03  1.023358e-01  1.241620e-01
node 27
   3.388905e+02  2.434836e+01 -2.706372e+01  7.471417e-06 -5.531187e-05  4.541704e-05
   2.434836e+01  1.825291e+01 -1.554225e+01  5.041579e-06 -3.970934e-06  3.172575e-06
  -2.706372e+01 -1.554225e+01  1.336539e+01 -4.298643e-06  4.351386e-06 -3.500484e-06
  -2.694811e-01 -1.478301e-01  1.311492e-01  4.322135e-05  1.693019e-03  2.055671e-03
   1.513644e+00  1.354816e-01 -1.681642e-01  1.693020e-03  6.728079e-02  8.165342e-02
  -1.241734e+00 -1.063288e-01  1.339995e-01  2.055671e-03  8.165342e-02  9.910882e-02
node 28
   3.006201e+02  2.097782e+01 -2.301780e+01  6.195325e-06 -4.616876e-05  3.791016e-05
   2.097782e+01  1.608233e+01 -1.364745e+01  4.201344e-06 -3.291080e-06  2.629131e-06
  -2.301780e+01 -1.364745e+01  1.168095e+01 -3.581577e-06  3.610405e-06 -2.904245e-06
  -2.487096e-01 -1.408533e-01  1.228525e-01  2.829643e-05  1.228993e-03  1.491514e-03
   1.455088e+00  1.294992e-01 -1.487976e-01  1.228993e-03  5.287262e-02  6.419399e-02
  -1.193983e+00 -1.027512e-01  1.192105e-01  1.491514e-03  6.419399e-02  7.793155e-02
node 29
   2.636387e+02  1.774729e+01 -1.942706e+01  2.898842e-07 -1.771553e-06  1.453898e-06
   1.774729e+01  1.399561e+01 -1.185016e+01  1.697663e-07 -1.558251e-07  1.247804e-07
  -1.942706e+01 -1.185016e+01  1.011392e+01 -1.459409e-07  1.664619e-07 -1.340588e-07
  -2.280313e-01 -1.335490e-01  1.148061e-01  1.977282e-05  9.015834e-04  1.094344e-03
   1.393507e+00  1.225297e-01 -1.309031e-01  9.015833e-04  4.063109e-02  4.933894e-02
  -1.143895e+00 -9.820941e-02  1.055016e-01  1.094344e-03  4.933894e-02  5.990677e-02
node 30
   2.288155e+02  1.472230e+01 -1.629471e+01 -3.882749e-06  3.207813e-05 -2.634657e-05
   1.472230e+01  1.203990e+01 -1.018350e+01 -2.850291e-06  2.050957e-06 -1.636714e-06
  -1.629471e+01 -1.018350e+01  8.683392e+00  2.418629e-06 -2.278205e-06  1.831791e-06
  -2.046284e-01 -1.233494e-01  1.048634e-01  1.478606e-05  6.763351e-04  8.209926e-04
   1.299008e+00  1.129669e-01 -1.131558e-01  6.763351e-04  3.058506e-02  3.714108e-02
  -1.065613e+00 -9.126116e-02  9.166151e-02  8.209926e-04  3.714108e-02  4.509779e-02
node 31
   1.524156e+02  9.383976e+00 -1.059961e+01 -4.079880e-06  3.450653e-05 -2.834285e-05
   9.383976e+00  7.956546e+00 -6.729679e+00 -3.049683e-06  2.141043e-06 -1.705931e-06
  -1.059961e+01 -6.729679e+00  5.742181e+00  2.588549e-06 -2.413286e-06  1.938837e-06
  -7.633905e-01 -5.604360e-01  4.754731e-01  9.627756e-06  4.113646e-04  4.998340e-04
   6.306740e+00  4.035616e-01 -4.474902e-01  4.113646e-04  1.802384e-02  2.188123e-02
  -5.180104e+00 -3.220930e-01  3.598289e-01  4.998340e-04  2.188123e-02  2.657033e-02
node 32
   4.900551e+01  2.963844e+00 -3.394881e+00 -5.653048e-07  4.815792e-06 -3.955653e-06
   2.963844e+00  2.550521e+00 -2.158459e+00 -4.249268e-07  2.960533e-07 -2.357719e-07
  -3.394881e+00 -2.158459e+00  1.843924e+00  3.607056e-07 -3.352252e-07  2.692486e-07
  -2.222774e-01 -1.670422e-01  1.418841e-01  3.148055e-06  1.314018e-04  1.595989e-04
   1.893620e+00  1.160720e-01 -1.322247e-01  1.314018e-04  5.563381e-03  6.753822e-03
  -1.555383e+00 -9.242374e-02  1.062054e-01  1.595989e-04  6.753822e-03  8.200147e-03
node 33
   4.894369e+01 -2.276727e+00 -2.712075e+00  0.000000e+00  4.778809e-06 -4.012161e-06
  -2.276727e+00  2.896683e+01 -2.410194e+01 -4.778809e-06  0.000000e+00  4.516483e-07
  -2.712075e+00 -2.410194e+01  2.048924e+01  4.012161e-06 -4.516483e-07  0.000000e+00
   2.370630e-07 -1.879108e+00  1.577514e+00  2.732730e-02  2.428508e-01  2.892880e-01
   1.879115e+00  4.232052e-05 -1.775638e-01  2.428508e-01  2.158192e+00  2.570874e+00
  -1.577516e+00  1.775785e-01 -4.255758e-05  2.892880e-01  2.570874e+00  3.062468e+00
node 34
   3.496180e+02 -4.371500e+01  3.626370e+00 -2.724870e-05 -1.079564e-04  9.325150e-05
  -4.371500e+01  8.547955e+01 -6.763082e+01 -1.267062e-05  2.174762e-05 -1.706956e-05
   3.626370e+00 -6.763082e+01  5.643807e+01  1.321428e-05 -8.035809e-06  5.501087e-06
   5.357635e+00 -5.025555e+00  3.712892e+00  6.499868e-02  5.774482e-01  6.878068e-01
   2.874396e+01 -4.276246e+00  8.696353e-01  5.774482e-01  5.129973e+00  6.110358e+00
  -2.464361e+01  4.066135e+00 -1.081388e+00  6.878068e-01  6.110358e+00  7.278041e+00
node 35
   1.242105e+03 -1.988331e+02  4.931168e+01 -1.089950e-04 -5.369608e-04  4.612746e-04
  -1.988331e+02  1.112530e+02 -7.459289e+01  5.445203e-05  8.699057e-05 -7.821465e-05
   4.931168e+01 -7.459289e+01  5.797059e+01 -3.541099e-05 -2.220694e-05  2.200438e-05
   6.093417e+00  1.791940e-01 -7.273490e-01  2.469740e-02  2.192826e-01  2.611590e-01
   2.679254e+01 -4.865710e+00  1.542045e+00  2.192826e-01  1.946814e+00  2.318599e+00
  -2.309072e+01  4.072632e+00 -1.227706e+00  2.611590e-01  2.318599e+00  2.761381e+00
node 36
   1.597497e+03 -2.607678e+02  6.734447e+01  6.412584e-06  3.213750e-05 -2.767335e-05
  -2.607678e+02  1.214797e+02 -7.728127e+01 -3.774063e-06 -5.155429e-06  4.707548e-06
   6.734447e+01 -7.728127e+01  5.852217e+01  2.549443e-06  1.197594e-06 -1.257155e-06
   1.261403e+00 -7.423148e-01  5.014355e-01  1.045040e-02  9.236691e-02  1.099426e-01
   6.322393e+00 -1.014292e+00  2.356679e-01  9.236691e-02  8.168156e-01  9.722947e-01
  -5.440812e+00  9.254768e-01 -2.471113e-01  1.099426e-01  9.722947e-01  1.157515e+00
node 37
   1.721619e+03 -2.812918e+02  7.227014e+01  1.178400e-04  5.908143e-04 -5.075890e-04
  -2.812918e+02  1.309954e+02 -8.325109e+01 -6.922922e-05 -9.416623e-05  8.570487e-05
   7.227014e+01 -8.325109e+01  6.305688e+01  4.694223e-05  2.285818e-05 -2.367381e-05
   5.135229e-01 -3.040995e-01  2.026535e-01  1.458919e-02  1.286004e-01  1.530700e-01
   2.571168e+00 -4.200881e-01  8.511901e-02  1.286004e-01  1.133474e+00  1.349133e+00
  -2.227785e+00  3.871426e-01 -9.343477e-02  1.530700e-01  1.349133e+00  1.605782e+00
node 38
   1.726344e+03 -2.824026e+02  7.207222e+01 -1.771615e-05 -8.882205e-05  7.634786e-05
  -2.824026e+02  1.314613e+02 -8.343336e+01  1.041487e-05  1.418655e-05 -1.292248e-05
   7.207222e+01 -8.343336e+01  6.320731e+01 -7.051715e-06 -3.394187e-06  3.529593e-06
  -3.877803e-01  2.251158e-01 -1.574741e-01  1.798077e-02  1.578449e-01  1.878582e-01
  -1.945800e+00  2.972187e-01 -9.278153e-02  1.578449e-01  1.385536e+00  1.648973e+00
   1.666821e+00 -2.677456e-01  9.056160e-02  1.878582e-01  1.648973e+00  1.962455e+00
node 39
   1.632094e+03 -2.633136e+02  6.423450e+01  2.210790e-05  9.029519e-05 -7.799610e-05
  -2.633136e+02  1.229898e+02 -7.801660e+01 -1.183541e-05 -1.677446e-05  1.522978e-05
   6.423450e+01 -7.801660e+01  5.937937e+01  7.825111e-06  5.454919e-06 -5.333439e-06
  -1.798260e+00  8.259894e-01 -5.272815e-01  1.860621e-02  1.625065e-01  1.933929e-01
  -4.981260e+00  1.245010e+00 -6.015267e-01  1.625065e-01  1.419275e+00  1.689025e+00
   4.346653e+00 -1.120762e+00  5.532508e-01  1.933929e-01  1.689025e+00  2.010015e+00
node 40
   1.484045e+03 -2.204644e+02  4.155376e+01 -8.201069e-05 -4.932658e-04  4.224586e-04
  -2.204644e+02  1.052913e+02 -6.713501e+01  5.289056e-05  6.954533e-05 -6.356891e-05
   4.155376e+01 -6.713501e+01  5.239567e+01 -3.649377e-05 -1.062358e-05  1.246536e-05
  -2.452235e+00  1.037601e+00 -6.410812e-01  1.650259e-02  1.432394e-01  1.704613e-01
  -5.566747e+00  1.648970e+00 -8.851128e-01  1.432394e-01  1.243208e+00  1.479459e+00
   4.909900e+00 -1.482431e+00  8.032655e-01  1.704613e-01  1.479459e+00  1.760568e+00
node 41
   1.350236e+03 -1.821837e+02  2.134448e+01 -9.227442e-06 -2.327849e-05  2.043107e-05
  -1.821837e+02  8.992162e+01 -5.779140e+01  3.858599e-06  6.297150e-06 -5.646647e-06
   2.134448e+01 -5.779140e+01  4.648499e+01 -2.373341e-06 -3.229447e-06  2.930292e-06
  -1.813900e+00  7.584943e-01 -4.665307e-01  1.432173e-02  1.233199e-01  1.467430e-01
  -4.574522e+00  1.237769e+00 -6.348990e-01  1.233199e-01  1.062215e+00  1.263988e+00
   4.017135e+00 -1.110217e+00  5.761310e-01  1.467430e-01  1.263988e+00  1.504215e+00
node 42
   1.243593e+03 -1.535838e+02  6.647471e+00  5.467180e-05  4.226769e-04 -3.605624e-04
  -1.535838e+02  7.871100e+01 -5.102868e+01 -4.142539e-05 -5.081463e-05  4.677372e-05
   6.647471e+00 -5.102868e+01  4.222991e+01  2.943486e-05  1.146284e-06 -3.857162e-06
  -1.311569e+00  5.233746e-01 -3.163235e-01  1.262817e-02  1.078295e-01  1.283204e-01
  -3.292525e+00  8.906139e-01 -4.677390e-01  1.078295e-01  9.206937e-01  1.095655e+00
   2.888291e+00 -7.951843e-01  4.209549e-01  1.283204e-01  1.095655e+00  1.303837e+00
node 43
   1.172407e+03 -1.336121e+02 -4.253084e+00 -4.698969e-06 -5.375918e-05  4.565039e-05
  -1.336121e+02  7.125400e+01 -4.659906e+01  4.773889e-06  5.205381e-06 -4.854476e-06
  -4.253084e+00 -4.659906e+01  3.958388e+01 -3.535502e-06  1.025643e-06 -5.064126e-07
  -9.677608e-01  3.645269e-01 -2.151910e-01  1.144797e-02  9.681103e-02  1.152104e-01
  -2.353177e+00  6.494743e-01 -3.569738e-01  9.681103e-02  8.186441e-01  9.742265e-01
   2.067488e+00 -5.776147e-01  3.182865e-01  1.152104e-01  9.742265e-01  1.159346e+00
node 44
   1.110851e+03 -1.176523e+02 -1.272593e+01  5.870801e-06  5.682477e-05 -4.833737e-05
  -1.176523e+02  6.534196e+01 -4.309130e+01 -5.240567e-06 -6.001434e-06  5.564662e-06
  -1.272593e+01 -4.309130e+01  3.749102e+01  3.817140e-06 -6.072889e-07  1.306328e-07
  -7.980837e-01  3.148273e-01 -1.890072e-01  1.045947e-02  8.751475e-02  1.041475e-01
  -2.292357e+00  5.488545e-01 -2.781909e-01  8.751474e-02  7.322178e-01  8.713866e-01
   2.005168e+00 -4.884856e-01  2.492291e-01  1.041475e-01  8.713866e-01  1.036985e+00
node 45
   1.050339e+03 -1.040994e+02 -1.925724e+01 -2.878493e-05 -3.545847e-04  3.008818e-04
  -1.040994e+02  6.017643e+01 -3.999001e+01  3.144583e-05  3.324844e-05 -3.113929e-05
  -1.925724e+01 -3.999001e+01  3.556265e+01 -2.349218e-05  8.157987e-06 -4.463505e-06
  -6.633171e-01  2.815871e-01 -1.733287e-01  9.542608e-03  7.893259e-02  9.393653e-02
  -2.285565e+00  4.705587e-01 -2.118883e-01  7.893260e-02  6.528701e-01  7.769738e-01
   1.983057e+00 -4.199759e-01  1.927584e-01  9.393653e-02  7.769738e-01  9.246426e-01
node 46
   9.903779e+02 -9.237023e+01 -2.427187e+01 -2.825956e-06 -1.137889e-05  9.834122e-06
  -9.237023e+01  5.552897e+01 -3.715946e+01  1.294832e-06  2.069034e-06 -1.849693e-06
  -2.427187e+01 -3.715946e+01  3.372408e+01 -8.157513e-07 -8.207983e-07  7.569224e-07
  -5.556213e-01  2.546220e-01 -1.604217e-01  8.683103e-03  7.091121e-02  8.438635e-02
  -2.237621e+00  4.067083e-01 -1.612625e-01  7.091121e-02  5.793419e-01  6.894152e-01
   1.934483e+00 -3.639032e-01  1.489131e-01  8.438635e-02  6.894152e-01  8.204940e-01
node 47
   9.323375e+02 -8.224873e+01 -2.806757e+01  2.034965e-05  3.204301e-04 -2.713684e-04
  -8.224873e+01  5.135099e+01 -3.457842e+01 -2.757423e-05 -2.706630e-05  2.561263e-05
  -2.806757e+01 -3.457842e+01  3.198353e+01  2.105185e-05 -1.060041e-05  6.716644e-06
  -4.647996e-01  2.326334e-01 -1.501469e-01  7.883769e-03  6.357532e-02  7.565994e-02
  -2.182792e+00  3.527858e-01 -1.185749e-01  6.357532e-02  5.126612e-01  6.101152e-01
   1.878420e+00 -3.162732e-01  1.120138e-01  7.565994e-02  6.101152e-01  7.260745e-01
node 48
   8.751720e+02 -7.338200e+01 -3.080513e+01 -1.653952e-06 -3.975513e-05  3.358704e-05
  -7.338200e+01  4.749615e+01 -3.215930e+01  3.304119e-06  2.909981e-06 -2.800700e-06
  -3.080513e+01 -3.215930e+01  3.028020e+01 -2.596346e-06  1.826797e-06 -1.256028e-06
  -3.885701e-01  2.168335e-01 -1.437500e-01  7.130099e-03  5.672598e-02  6.750795e-02
  -2.150847e+00  3.088102e-01 -8.089158e-02  5.672598e-02  4.512795e-01  5.370595e-01
   1.846078e+00 -2.780623e-01  7.975991e-02  6.750795e-02  5.370595e-01  6.391206e-01
node 49
   8.192319e+02 -6.560686e+01 -3.263584e+01  2.158793e-06  4.256350e-05 -3.599646e-05
  -6.560686e+01  4.392175e+01 -2.988103e+01 -3.588309e-06 -3.314072e-06  3.165290e-06
  -3.263584e+01 -2.988103e+01  2.860774e+01  2.784979e-06 -1.726094e-06  1.155279e-06
  -3.262358e-01  2.038345e-01 -1.384752e-01  6.419103e-03  5.036621e-02  5.993729e-02
  -2.113413e+00  2.727543e-01 -4.972655e-02  5.036621e-02  3.951806e-01  4.702830e-01
   1.807929e+00 -2.469247e-01  5.348147e-02  5.993729e-02  4.702830e-01  5.596431e-01
node 50
   7.644089e+02 -5.866676e+01 -3.375348e+01 -9.831911e-06 -2.579520e-04  2.178394e-04
  -5.866676e+01  4.056047e+01 -2.771168e+01  2.140227e-05  1.852041e-05 -1.789458e-05
  -3.375348e+01 -2.771168e+01  2.695625e+01 -1.691390e-05  1.253142e-05 -8.688498e-06
  -2.754073e-01  1.911065e-01 -1.323940e-01  5.745086e-03  4.445103e-02  5.289687e-02
  -2.046854e+00  2.421368e-01 -2.611994e-02  4.445103e-02  3.439107e-01  4.092609e-01
   1.747160e+00 -2.202317e-01  3.327052e-02  5.289687e-02  4.092609e-01  4.870100e-01
node 51
   7.118029e+02 -5.251719e+01 -3.430766e+01 -1.179498e-06 -1.006525e-05  8.575038e-06
  -5.251719e+01  3.743631e+01 -2.567422e+01  9.146909e-07  1.097930e-06 -1.005225e-06
  -3.430766e+01 -2.567422e+01  2.535828e+01 -6.453906e-07 -2.890465e-08  8.156826e-08
  -2.319286e-01  1.798322e-01 -1.268828e-01  5.125883e-03  3.908358e-02  4.650608e-02
  -1.979217e+00  2.157689e-01 -5.570698e-03  3.908358e-02  2.981591e-01  3.547594e-01
   1.685789e+00 -1.977639e-01  1.615979e-02  4.650608e-02  3.547594e-01  4.221704e-01
node 52
   6.602747e+02 -4.693652e+01 -3.434065e+01  6.314608e-06  2.278646e-04 -1.922081e-04
  -4.693652e+01  3.445877e+01 -2.371576e+01 -1.867043e-05 -1.524493e-05  1.489574e-05
  -3.434065e+01 -2.371576e+01  2.377034e+01  1.498616e-05 -1.261584e-05  8.930326e-06
  -1.967344e-01  1.733277e-01 -1.246530e-01  4.532716e-03  3.410146e-02  4.057644e-02
  -1.953191e+00  1.967217e-01  1.386958e-02  3.410146e-02  2.565464e-01  3.052638e-01
   1.660862e+00 -1.816581e-01  1.263450e-05  4.057644e-02  3.052638e-01  3.632183e-01
node 53
   6.097173e+02 -4.183469e+01 -3.391213e+01 -3.778134e-07 -2.717350e-05  2.288522e-05
  -4.183469e+01  3.160381e+01 -2.182381e+01  2.191993e-06  1.645561e-06 -1.636449e-06
  -3.391213e+01 -2.182381e+01  2.218542e+01 -1.797620e-06  1.755247e-06 -1.267748e-06
  -1.662464e-01  1.656229e-01 -1.210465e-01  3.971898e-03  2.948070e-02  3.507632e-02
  -1.899985e+00  1.794219e-01  2.904912e-02  2.948070e-02  2.187935e-01  2.603284e-01
   1.615275e+00 -1.665597e-01 -1.317542e-02  3.507632e-02  2.603284e-01  3.097304e-01
node 54
   5.608012e+02 -3.717093e+01 -3.312295e+01  5.689944e-07  2.964103e-05 -2.497890e-05
  -3.717093e+01  2.888876e+01 -2.001641e+01 -2.405100e-06 -1.865774e-06  1.842199e-06
  -3.312295e+01 -2.001641e+01  2.062720e+01  1.956035e-06 -1.807914e-06  1.296781e-06
  -1.388992e-01  1.581978e-01 -1.174577e-01  3.449645e-03  2.527292e-02  3.006755e-02
  -1.845600e+00  1.635609e-01  4.299570e-02  2.527292e-02  1.851456e-01  2.202753e-01
   1.563519e+00 -1.527451e-01 -2.466163e-02  3.006755e-02  2.202753e-01  2.620608e-01
node 55
   5.132426e+02 -3.290145e+01 -3.198292e+01 -1.856368e-06 -1.729815e-04  1.456260e-04
  -3.290145e+01  2.629205e+01 -1.827834e+01  1.392595e-05  1.022857e-05 -1.022043e-05
  -3.198292e+01 -1.827834e+01  1.908197e+01 -1.148979e-05  1.155191e-05 -8.372206e-06
  -1.155336e-01  1.511582e-01 -1.138638e-01  2.962166e-03  2.143788e-02  2.550328e-02
  -1.785643e+00  1.498259e-01  5.433759e-02  2.143788e-02  1.551330e-01  1.845576e-01
   1.514298e+00 -1.412915e-01 -3.429229e-02  2.550328e-02  1.845576e-01  2.195502e-01
node 56
   4.676165e+02 -2.895636e+01 -3.061811e+01 -4.986546e-07 -8.676224e-06  7.345918e-06
  -2.895636e+01  2.382628e+01 -1.662695e+01  7.272538e-07  7.034853e-07 -6.671996e-07
  -3.061811e+01 -1.662695e+01  1.757692e+01 -5.531451e-07  3.122207e-07 -2.048309e-07
  -9.808747e-02  1.430359e-01 -1.087908e-01  2.518136e-03  1.800629e-02  2.141907e-02
  -1.706696e+00  1.383926e-01  6.142014e-02  1.800629e-02  1.288452e-01  1.532453e-01
   1.444353e+00 -1.311491e-01 -4.030509e-02  2.141907e-02  1.532453e-01  1.823095e-01
node 57
   4.238267e+02 -2.530239e+01 -2.905223e+01  3.591972e-07  1.470377e-04 -1.236596e-04
  -2.530239e+01  2.148161e+01 -1.505593e+01 -1.175120e-05 -8.121668e-06  8.222600e-06
  -2.905223e+01 -1.505593e+01  1.610785e+01  9.836695e-06 -1.062170e-05  7.762470e-06
  -7.996937e-02  1.375007e-01 -1.060901e-01  2.110865e-03  1.495224e-02  1.778514e-02
  -1.657923e+00  1.280492e-01  7.092683e-02  1.495224e-02  1.058998e-01  1.259684e-01
   1.402709e+00 -1.226449e-01 -4.807977e-02  1.778514e-02  1.259684e-01  1.498312e-01
node 58
   3.810287e+02 -2.189909e+01 -2.722388e+01  1.596268e-07 -1.639171e-05  1.376341e-05
  -2.189909e+01  1.921491e+01 -1.353248e+01  1.297045e-06  8.094169e-07 -8.383511e-07
  -2.722388e+01 -1.353248e+01  1.463846e+01 -1.109523e-06  1.312971e-06 -9.690439e-07
  -6.303626e-02  1.320999e-01 -1.034421e-01  1.736973e-03  1.219909e-02  1.450972e-02
  -1.608477e+00  1.183191e-01  7.954160e-02  1.219909e-02  8.565639e-02  1.018861e-01
   1.359453e+00 -1.142894e-01 -5.528288e-02  1.450973e-02  1.018861e-01  1.211791e-01
node 59
   3.402274e+02 -1.876474e+01 -2.525171e+01 -7.854760e-08  1.837981e-05 -1.544466e-05
  -1.876474e+01  1.707075e+01 -1.209024e+01 -1.460449e-06 -9.579976e-07  9.815622e-07
  -2.525171e+01 -1.209024e+01  1.321076e+01  1.237273e-06 -1.410170e-06  1.036545e-06
  -5.025577e-02  1.239462e-01 -9.806304e-02  1.405150e-03  9.800267e-03  1.165595e-02
  -1.520229e+00  1.086403e-01  8.271209e-02  9.800267e-03  6.834299e-02  8.128679e-02
   1.283365e+00 -1.053702e-01 -5.838450e-02  1.165595e-02  8.128679e-02  9.667692e-02
node 60
   3.015026e+02 -1.586979e+01 -2.319249e+01  1.308606e-06 -1.012938e-04  8.501036e-05
  -1.586979e+01  1.504862e+01 -1.073002e+01  8.006497e-06  4.797854e-06 -5.005617e-06
  -2.319249e+01 -1.073002e+01  1.183246e+01 -6.890699e-06  8.256986e-06 -6.106460e-06
  -3.796126e-02  1.181898e-01 -9.471163e-02  1.115344e-03  7.741849e-03  9.207610e-03
  -1.459925e+00  1.003076e-01  8.729185e-02  7.741849e-03  5.372340e-02  6.389891e-02
   1.232833e+00 -9.825601e-02 -6.234630e-02  9.207610e-03  6.389891e-02  7.599383e-02
node 61
   2.641577e+02 -1.319212e+01 -2.100119e+01 -1.333760e-07 -7.099321e-06  5.986444e-06
  -1.319212e+01  1.311455e+01 -9.424047e+00  5.704744e-07  4.661621e-07 -4.606254e-07
  -2.100119e+01 -9.424047e+00  1.047529e+01 -4.634146e-07  4.619633e-07 -3.327866e-07
  -2.627355e-02  1.121330e-01 -9.108225e-02  8.628139e-04  5.965843e-03  7.095602e-03
  -1.395767e+00  9.163169e-02  9.084011e-02  5.965843e-03  4.129698e-02  4.910393e-02
   1.176327e+00 -9.055157e-02 -6.535814e-02  7.095602e-03  4.910393e-02  5.841134e-02
node 62
   2.290529e+02 -1.076451e+01 -1.877996e+01 -1.703455e-06  7.991479e-05 -6.698324e-05
  -1.076451e+01  1.130952e+01 -8.200735e+00 -6.289086e-06 -3.396795e-06  3.620618e-06
  -1.877996e+01 -8.200735e+00  9.176696e+00  5.494848e-06 -6.860762e-06  5.100250e-06
  -1.647727e-02  1.038154e-01 -8.534857e-02  6.490324e-04  4.491983e-03  5.342636e-03
  -1.299835e+00  8.196861e-02  9.031350e-02  4.491983e-03  3.108040e-02  3.696882e-02
   1.095597e+00 -8.172154e-02 -6.549134e-02  5.342637e-03  3.696882e-02  4.396829e-02
node 63
   1.524630e+02 -6.775607e+00 -1.279332e+01  2.904317e-07 -6.412669e-06  5.354896e-06
  -6.775607e+00  7.493973e+00 -5.478609e+00  5.001065e-07  1.770171e-07 -2.088111e-07
  -1.279332e+01 -5.478609e+00  6.157451e+00 -4.553906e-07  6.212042e-07 -4.674497e-07
   1.477500e-01  4.943140e-01 -4.335472e-01  3.808673e-04  2.641791e-03  3.142214e-03
  -6.286332e+00  2.587819e-01  5.461500e-01  2.641791e-03  1.831036e-02  2.178284e-02
   5.267499e+00 -2.776229e-01 -4.065319e-01  3.142214e-03  2.178284e-02  2.590666e-02
node 64
   4.901105e+01 -2.134755e+00 -4.137832e+00  1.302348e-07 -4.798396e-06  4.018282e-06
  -2.134755e+00  2.405318e+00 -1.763712e+00  3.767927e-07  1.865828e-07 -2.025381e-07
  -4.137832e+00 -1.763712e+00  1.983583e+00 -3.325622e-07  4.247959e-07 -3.168179e-07
   5.120570e-02  1.481679e-01 -1.307638e-01  1.172076e-04  8.137688e-04  9.680000e-04
  -1.886911e+00  7.324760e-02  1.669032e-01  8.137688e-04  5.652199e-03  6.722776e-03
   1.580006e+00 -7.953709e-02 -1.244533e-01  9.680000e-04  6.722776e-03  7.997270e-03
