
Linearized model: Predictions were generated on 02-May-2024 at 21:57:07 using OpenFAST, compiled on May  2 2024 at 21:38:56 as a 64-bit application using double precision at commit -128-NOTFOUND
 linked with  NWTC Subroutine Library; ElastoDyn; InflowWind; AeroDyn

Description from the FAST input file: One Blade, 4 aero-stations, Linearization with continuous States AeroDynamic modules

Simulation information:
   Simulation time:                     1.1000 s
   Rotor Speed:                         1.2671 rad/s
   Azimuth:                             1.3938 rad
   Wind Speed:                         13.0000 m/s
   Number of continuous states:         9
   Number of discrete states:           0
   Number of constraint states:         0
   Number of inputs:                  255
   Number of outputs:                  13
   Jacobians included in this file?    No

Order of continuous states:
   Row/Column Operating Point                                                   Rotating Frame? Derivative Order Description
   ---------- ---------------                                                   --------------- ---------------- -----------
          1    5.093319969837E-001                                                     T               1         x4 blade 1, node 2, -
          2    5.644371751995E-001                                                     T               1         x4 blade 1, node 3, -
          3    5.181655821611E-001                                                     T               1         x4 blade 1, node 4, -
          4    5.613352243836E-001                                                     T               1         x4 blade 2, node 2, -
          5    5.786337526314E-001                                                     T               1         x4 blade 2, node 3, -
          6    5.194816559647E-001                                                     T               1         x4 blade 2, node 4, -
          7    5.111482716856E-001                                                     T               1         x4 blade 3, node 2, -
          8    5.714100912050E-001                                                     T               1         x4 blade 3, node 3, -
          9    5.194022071327E-001                                                     T               1         x4 blade 3, node 4, -

Order of continuous state derivatives:
   Row/Column Operating Point                                                   Rotating Frame? Derivative Order Description
   ---------- ---------------                                                   --------------- ---------------- -----------
          1   -1.212760272604E-003                                                     T               1         First time derivative of x4 blade 1, node 2, -/s
          2   -7.867347809636E-002                                                     T               1         First time derivative of x4 blade 1, node 3, -/s
          3    2.807639444280E-003                                                     T               1         First time derivative of x4 blade 1, node 4, -/s
          4   -2.569680667561E-002                                                     T               1         First time derivative of x4 blade 2, node 2, -/s
          5   -6.029633895911E-002                                                     T               1         First time derivative of x4 blade 2, node 3, -/s
          6    3.288156623956E-003                                                     T               1         First time derivative of x4 blade 2, node 4, -/s
          7   -4.340865322850E-002                                                     T               1         First time derivative of x4 blade 3, node 2, -/s
          8   -1.087716230766E-001                                                     T               1         First time derivative of x4 blade 3, node 3, -/s
          9    1.649844208939E-003                                                     T               1         First time derivative of x4 blade 3, node 4, -/s

Order of inputs:
     Column   Operating Point                                                   Rotating Frame? Derivative Order Description
   ---------- ---------------                                                   --------------- ---------------- -----------
          1    0.000000000000E+000                                                     F               0         Nacelle X translation displacement, node 1, m
          2    0.000000000000E+000                                                     F               0         Nacelle Y translation displacement, node 1, m
          3    0.000000000000E+000                                                     F               0         Nacelle Z translation displacement, node 1, m
          4    1.000000000000E+000,  0.000000000000E+000,  0.000000000000E+000         F               0         Nacelle X orientation angle, node 1, rad
          5    0.000000000000E+000,  1.000000000000E+000,  0.000000000000E+000         F               0         Nacelle Y orientation angle, node 1, rad
          6    0.000000000000E+000,  0.000000000000E+000,  1.000000000000E+000         F               0         Nacelle Z orientation angle, node 1, rad
          7    0.000000000000E+000                                                     F               0         Hub X translation displacement, node 1, m
          8    0.000000000000E+000                                                     F               0         Hub Y translation displacement, node 1, m
          9    0.000000000000E+000                                                     F               0         Hub Z translation displacement, node 1, m
         10    9.961946980917E-001,  0.000000000000E+000, -8.715574274766E-002         F               0         Hub X orientation angle, node 1, rad
         11    8.579441458219E-002,  1.760539961798E-001,  9.806346459592E-001         F               0         Hub Y orientation angle, node 1, rad
         12    1.534411680074E-002, -9.843805109962E-001,  1.753840575722E-001         F               0         Hub Z orientation angle, node 1, rad
         13    1.262287304512E+000                                                     F               0         Hub X rotation velocity, node 1, rad/s
         14   -0.000000000000E+000                                                     F               0         Hub Y rotation velocity, node 1, rad/s
         15   -1.104358292575E-001                                                     F               0         Hub Z rotation velocity, node 1, rad/s
         16    9.959158424523E-001, -4.293807482403E-002, -7.942264464775E-002         F               0         Blade root 1 X orientation angle, node 1, rad
         17    8.579441458219E-002,  1.760539961798E-001,  9.806346459592E-001         F               0         Blade root 1 Y orientation angle, node 1, rad
         18   -2.812388982583E-002, -9.834435988706E-001,  1.790188109153E-001         F               0         Blade root 1 Z orientation angle, node 1, rad
         19    9.916709642922E-001,  1.481851010962E-002, -1.279418240368E-001         F               0         Blade root 2 X orientation angle, node 1, rad
         20   -2.960881234302E-002, -9.405255276029E-001, -3.384302737033E-001         F               0         Blade root 2 Y orientation angle, node 1, rad
         21   -1.253475839870E-001,  3.393996813278E-001, -9.322530984144E-001         F               0         Blade root 2 Z orientation angle, node 1, rad
         22    9.981528176889E-001,  2.811956471441E-002, -5.385390069351E-002         F               0         Blade root 3 X orientation angle, node 1, rad
         23   -5.618560223918E-002,  7.644715314231E-001, -6.422043722559E-001         F               0         Blade root 3 Y orientation angle, node 1, rad
         24    2.311126653075E-002,  6.440439175428E-001,  7.646393278111E-001         F               0         Blade root 3 Z orientation angle, node 1, rad
         25   -1.076149157867E-001                                                     F               0         Blade 1 X translation displacement, node 1, m
         26   -1.475165398306E+000                                                     F               0         Blade 1 Y translation displacement, node 1, m
         27   -1.230044116000E+000                                                     F               0         Blade 1 Z translation displacement, node 1, m
         28   -1.292503258615E+000                                                     F               0         Blade 1 X translation displacement, node 2, m
         29   -2.324736271261E+001                                                     F               0         Blade 1 Y translation displacement, node 2, m
         30   -2.037945487498E+001                                                     F               0         Blade 1 Z translation displacement, node 2, m
         31   -8.305964907020E-001                                                     F               0         Blade 1 X translation displacement, node 3, m
         32   -4.356927629264E+001                                                     F               0         Blade 1 Y translation displacement, node 3, m
         33   -3.752263118051E+001                                                     F               0         Blade 1 Z translation displacement, node 3, m
         34    1.453669050605E+000                                                     F               0         Blade 1 X translation displacement, node 4, m
         35   -6.175275216514E+001                                                     F               0         Blade 1 Y translation displacement, node 4, m
         36   -5.320176706455E+001                                                     F               0         Blade 1 Z translation displacement, node 4, m
         37    9.494236174756E-001, -8.231014525657E-002, -3.030178782967E-001         F               0         Blade 1 X orientation angle, node 1, rad
         38    3.127360570843E-001,  1.614426456309E-001,  9.360194606797E-001         F               0         Blade 1 Y orientation angle, node 1, rad
         39   -2.812388982583E-002, -9.834435988706E-001,  1.790188109153E-001         F               0         Blade 1 Z orientation angle, node 1, rad
         40    9.701641597761E-001, -1.172899126062E-002, -2.421650962668E-001         F               0         Blade 1 X orientation angle, node 2, rad
         41    2.406989795851E-001,  1.663872788408E-001,  9.562318101102E-001         F               0         Blade 1 Y orientation angle, node 2, rad
         42    2.907755685414E-002, -9.859907221693E-001,  1.642461308020E-001         F               0         Blade 1 Z orientation angle, node 2, rad
         43    9.830585462547E-001,  9.435749135162E-002, -1.571386599838E-001         F               0         Blade 1 X orientation angle, node 3, rad
         44    1.403704692418E-001,  1.637237044815E-001,  9.764684736107E-001         F               0         Blade 1 Y orientation angle, node 3, rad
         45    1.178644390837E-001, -9.819833055692E-001,  1.477049815775E-001         F               0         Blade 1 Z orientation angle, node 3, rad
         46    9.729247795923E-001,  1.977095269689E-001, -1.197009448624E-001         F               0         Blade 1 X orientation angle, node 4, rad
         47    8.968206057441E-002,  1.543864738353E-001,  9.839318801156E-001         F               0         Blade 1 Y orientation angle, node 4, rad
         48    2.130129133793E-001, -9.680267349833E-001,  1.324754282544E-001         F               0         Blade 1 Z orientation angle, node 4, rad
         49   -1.629111140538E-001                                                     F               0         Blade 1 X translation velocity, node 1, m/s
         50   -3.343009307885E-001                                                     F               0         Blade 1 Y translation velocity, node 1, m/s
         51   -1.862082554336E+000                                                     F               0         Blade 1 Z translation velocity, node 1, m/s
         52   -3.144622043418E+000                                                     F               0         Blade 1 X translation velocity, node 2, m/s
         53   -4.545180629521E+000                                                     F               0         Blade 1 Y translation velocity, node 2, m/s
         54   -2.984683885453E+001                                                     F               0         Blade 1 Z translation velocity, node 2, m/s
         55   -7.462353280547E+000                                                     F               0         Blade 1 X translation velocity, node 3, m/s
         56   -8.973260395827E+000                                                     F               0         Blade 1 Y translation velocity, node 3, m/s
         57   -5.477490554847E+001                                                     F               0         Blade 1 Z translation velocity, node 3, m/s
         58   -1.336064460633E+001                                                     F               0         Blade 1 X translation velocity, node 4, m/s
         59   -1.331744399999E+001                                                     F               0         Blade 1 Y translation velocity, node 4, m/s
         60   -7.659859740416E+001                                                     F               0         Blade 1 Z translation velocity, node 4, m/s
         61    1.262287304512E+000                                                     F               0         Blade 1 X rotation velocity, node 1, rad/s
         62   -0.000000000000E+000                                                     F               0         Blade 1 Y rotation velocity, node 1, rad/s
         63   -1.104358292575E-001                                                     F               0         Blade 1 Z rotation velocity, node 1, rad/s
         64    1.245814122701E+000                                                     F               0         Blade 1 X rotation velocity, node 2, rad/s
         65   -1.069557696782E-002                                                     F               0         Blade 1 Y rotation velocity, node 2, rad/s
         66   -1.717801460888E-001                                                     F               0         Blade 1 Z rotation velocity, node 2, rad/s
         67    1.228297680166E+000                                                     F               0         Blade 1 X rotation velocity, node 3, rad/s
         68   -2.780491380044E-002                                                     F               0         Blade 1 Y rotation velocity, node 3, rad/s
         69   -2.685224839493E-001                                                     F               0         Blade 1 Z rotation velocity, node 3, rad/s
         70    1.214088114407E+000                                                     F               0         Blade 1 X rotation velocity, node 4, rad/s
         71   -4.690622086507E-002                                                     F               0         Blade 1 Y rotation velocity, node 4, rad/s
         72   -3.756882411486E-001                                                     F               0         Blade 1 Z rotation velocity, node 4, rad/s
         73   -3.691880051317E-002                                                     F               0         Blade 1 X translation acceleration, node 1, m/s^2
         74    2.368474392267E+000                                                     F               0         Blade 1 Y translation acceleration, node 1, m/s^2
         75   -4.219838208207E-001                                                     F               0         Blade 1 Z translation acceleration, node 1, m/s^2
         76   -9.875410417311E-001                                                     F               0         Blade 1 X translation acceleration, node 2, m/s^2
         77    3.791860703557E+001                                                     F               0         Blade 1 Y translation acceleration, node 2, m/s^2
         78   -5.583849076505E+000                                                     F               0         Blade 1 Z translation acceleration, node 2, m/s^2
         79   -3.551388120763E+000                                                     F               0         Blade 1 X translation acceleration, node 3, m/s^2
         80    6.955791030418E+001                                                     F               0         Blade 1 Y translation acceleration, node 3, m/s^2
         81   -1.089930412643E+001                                                     F               0         Blade 1 Z translation acceleration, node 3, m/s^2
         82   -8.056012449327E+000                                                     F               0         Blade 1 X translation acceleration, node 4, m/s^2
         83    9.741018083961E+001                                                     F               0         Blade 1 Y translation acceleration, node 4, m/s^2
         84   -1.612361364988E+001                                                     F               0         Blade 1 Z translation acceleration, node 4, m/s^2
         85    0.000000000000E+000                                                     F               0         Blade 1 X rotation acceleration, node 1, rad/s^2
         86   -0.000000000000E+000                                                     F               0         Blade 1 Y rotation acceleration, node 1, rad/s^2
         87    0.000000000000E+000                                                     F               0         Blade 1 Z rotation acceleration, node 1, rad/s^2
         88   -1.670757493682E-002                                                     F               0         Blade 1 X rotation acceleration, node 2, rad/s^2
         89   -1.084776187955E-002                                                     F               0         Blade 1 Y rotation acceleration, node 2, rad/s^2
         90   -6.221717104672E-002                                                     F               0         Blade 1 Z rotation acceleration, node 2, rad/s^2
         91   -3.447325491528E-002                                                     F               0         Blade 1 X rotation acceleration, node 3, rad/s^2
         92   -2.820054354208E-002                                                     F               0         Blade 1 Y rotation acceleration, node 3, rad/s^2
         93   -1.603360334456E-001                                                     F               0         Blade 1 Z rotation acceleration, node 3, rad/s^2
         94   -4.888500532696E-002                                                     F               0         Blade 1 X rotation acceleration, node 4, rad/s^2
         95   -4.757363872420E-002                                                     F               0         Blade 1 Y rotation acceleration, node 4, rad/s^2
         96   -2.690266276265E-001                                                     F               0         Blade 1 Z rotation acceleration, node 4, rad/s^2
         97   -5.753667999493E-002                                                     F               0         Blade 2 X translation displacement, node 1, m
         98    1.806901231235E+000                                                     F               0         Blade 2 Y translation displacement, node 1, m
         99   -6.576472616692E-001                                                     F               0         Blade 2 Z translation displacement, node 1, m
        100   -4.712660745336E-001                                                     F               0         Blade 2 X translation displacement, node 2, m
        101    2.928357858846E+001                                                     F               0         Blade 2 Y translation displacement, node 2, m
        102   -9.928170790067E+000                                                     F               0         Blade 2 Z translation displacement, node 2, m
        103    3.085913687318E-001                                                     F               0         Blade 2 X translation displacement, node 3, m
        104    5.415094412472E+001                                                     F               0         Blade 2 Y translation displacement, node 3, m
        105   -1.914972975858E+001                                                     F               0         Blade 2 Z translation displacement, node 3, m
        106    2.543196676439E+000                                                     F               0         Blade 2 X translation displacement, node 4, m
        107    7.655787784217E+001                                                     F               0         Blade 2 Y translation displacement, node 4, m
        108   -2.752531883781E+001                                                     F               0         Blade 2 Z translation displacement, node 4, m
        109    9.718568910412E-001,  2.309160331025E-001, -4.660438812009E-002         F               0         Blade 2 X orientation angle, node 1, rad
        110    1.994546728569E-001, -9.118583453425E-001, -3.587926859688E-001         F               0         Blade 2 Y orientation angle, node 1, rad
        111   -1.253475839870E-001,  3.393996813278E-001, -9.322530984144E-001         F               0         Blade 2 Z orientation angle, node 1, rad
        112    9.889525521055E-001,  1.454595116199E-001, -2.853734681688E-002         F               0         Blade 2 X orientation angle, node 2, rad
        113    1.259887016979E-001, -9.262603437998E-001, -3.552022276792E-001         F               0         Blade 2 Y orientation angle, node 2, rad
        114   -7.810055523827E-002,  3.476827663015E-001, -9.343537859336E-001         F               0         Blade 2 Z orientation angle, node 2, rad
        115    9.997026806027E-001,  2.402012635068E-002,  4.193319188425E-003         F               0         Blade 2 X orientation angle, node 3, rad
        116    2.395283788264E-002, -9.352431036250E-001, -3.531948452049E-001         F               0         Blade 2 Y orientation angle, node 3, rad
        117   -4.562011955956E-003,  3.531902754211E-001, -9.355403879015E-001         F               0         Blade 2 Z orientation angle, node 3, rad
        118    9.967567687594E-001, -5.311606695236E-002,  6.045351407367E-002         F               0         Blade 2 X orientation angle, node 4, rad
        119   -2.822498331596E-002, -9.342546468474E-001, -3.554878410873E-001         F               0         Blade 2 Y orientation angle, node 4, rad
        120    7.536109240952E-002,  3.526286123893E-001, -9.327238430936E-001         F               0         Blade 2 Z orientation angle, node 4, rad
        121    5.622282788573E-002                                                     F               0         Blade 2 X translation velocity, node 1, m/s
        122    1.785921172655E+000                                                     F               0         Blade 2 Y translation velocity, node 1, m/s
        123    6.426298633430E-001                                                     F               0         Blade 2 Z translation velocity, node 1, m/s
        124    3.884923797814E-001                                                     F               0         Blade 2 X translation velocity, node 2, m/s
        125    2.825656189923E+001                                                     F               0         Blade 2 Y translation velocity, node 2, m/s
        126    1.105092858957E+001                                                     F               0         Blade 2 Z translation velocity, node 2, m/s
        127   -1.145485360404E+000                                                     F               0         Blade 2 X translation velocity, node 3, m/s
        128    5.231299877552E+001                                                     F               0         Blade 2 Y translation velocity, node 3, m/s
        129    1.994857315168E+001                                                     F               0         Blade 2 Z translation velocity, node 3, m/s
        130   -4.798412994717E+000                                                     F               0         Blade 2 X translation velocity, node 4, m/s
        131    7.382763627658E+001                                                     F               0         Blade 2 Y translation velocity, node 4, m/s
        132    2.770042471241E+001                                                     F               0         Blade 2 Z translation velocity, node 4, m/s
        133    1.262287304512E+000                                                     F               0         Blade 2 X rotation velocity, node 1, rad/s
        134    0.000000000000E+000                                                     F               0         Blade 2 Y rotation velocity, node 1, rad/s
        135   -1.104358292575E-001                                                     F               0         Blade 2 Z rotation velocity, node 1, rad/s
        136    1.252402303080E+000                                                     F               0         Blade 2 X rotation velocity, node 2, rad/s
        137    6.462365840223E-002                                                     F               0         Blade 2 Y rotation velocity, node 2, rad/s
        138   -8.557958565312E-002                                                     F               0         Blade 2 Z rotation velocity, node 2, rad/s
        139    1.245877575749E+000                                                     F               0         Blade 2 X rotation velocity, node 3, rad/s
        140    1.659754670689E-001                                                     F               0         Blade 2 Y rotation velocity, node 3, rad/s
        141   -4.780376014978E-002                                                     F               0         Blade 2 Z rotation velocity, node 3, rad/s
        142    1.244213462251E+000                                                     F               0         Blade 2 X rotation velocity, node 4, rad/s
        143    2.779022777813E-001                                                     F               0         Blade 2 Y rotation velocity, node 4, rad/s
        144   -6.831499977941E-003                                                     F               0         Blade 2 Z rotation velocity, node 4, rad/s
        145    1.972296856906E-001                                                     F               0         Blade 2 X translation acceleration, node 1, m/s^2
        146   -8.173925326187E-001                                                     F               0         Blade 2 Y translation acceleration, node 1, m/s^2
        147    2.254345623101E+000                                                     F               0         Blade 2 Z translation acceleration, node 1, m/s^2
        148    3.070121163600E+000                                                     F               0         Blade 2 X translation acceleration, node 2, m/s^2
        149   -1.394817246789E+001                                                     F               0         Blade 2 Y translation acceleration, node 2, m/s^2
        150    3.554245589739E+001                                                     F               0         Blade 2 Z translation acceleration, node 2, m/s^2
        151    5.446391972563E+000                                                     F               0         Blade 2 X translation acceleration, node 3, m/s^2
        152   -2.476662213765E+001                                                     F               0         Blade 2 Y translation acceleration, node 3, m/s^2
        153    6.580906868762E+001                                                     F               0         Blade 2 Z translation acceleration, node 3, m/s^2
        154    7.223031571653E+000                                                     F               0         Blade 2 X translation acceleration, node 4, m/s^2
        155   -3.387205870321E+001                                                     F               0         Blade 2 Y translation acceleration, node 4, m/s^2
        156    9.346686298833E+001                                                     F               0         Blade 2 Z translation acceleration, node 4, m/s^2
        157    0.000000000000E+000                                                     F               0         Blade 2 X rotation acceleration, node 1, rad/s^2
        158    0.000000000000E+000                                                     F               0         Blade 2 Y rotation acceleration, node 1, rad/s^2
        159    0.000000000000E+000                                                     F               0         Blade 2 Z rotation acceleration, node 1, rad/s^2
        160   -1.473410236945E-003                                                     F               0         Blade 2 X rotation acceleration, node 2, rad/s^2
        161    9.632488219532E-003                                                     F               0         Blade 2 Y rotation acceleration, node 2, rad/s^2
        162    3.704950781499E-003                                                     F               0         Blade 2 Z rotation acceleration, node 2, rad/s^2
        163   -2.445954359479E-003                                                     F               0         Blade 2 X rotation acceleration, node 3, rad/s^2
        164    2.473949588744E-002                                                     F               0         Blade 2 Y rotation acceleration, node 3, rad/s^2
        165    9.335631605528E-003                                                     F               0         Blade 2 Z rotation acceleration, node 3, rad/s^2
        166   -2.693999023922E-003                                                     F               0         Blade 2 X rotation acceleration, node 4, rad/s^2
        167    4.142276192796E-002                                                     F               0         Blade 2 Y rotation acceleration, node 4, rad/s^2
        168    1.544275743515E-002                                                     F               0         Blade 2 Z rotation acceleration, node 4, rad/s^2
        169    1.651515957817E-001                                                     F               0         Blade 3 X translation displacement, node 1, m
        170   -3.317358329291E-001                                                     F               0         Blade 3 Y translation displacement, node 1, m
        171    1.887691377669E+000                                                     F               0         Blade 3 Z translation displacement, node 1, m
        172    3.083094104042E+000                                                     F               0         Blade 3 X translation displacement, node 2, m
        173   -6.048135168138E+000                                                     F               0         Blade 3 Y translation displacement, node 2, m
        174    3.017908982817E+001                                                     F               0         Blade 3 Z translation displacement, node 2, m
        175    7.114439351552E+000                                                     F               0         Blade 3 X translation displacement, node 3, m
        176   -1.061228956225E+001                                                     F               0         Blade 3 Y translation displacement, node 3, m
        177    5.603313504476E+001                                                     F               0         Blade 3 Z translation displacement, node 3, m
        178    1.243881001091E+001                                                     F               0         Blade 3 X translation displacement, node 4, m
        179   -1.481342541676E+001                                                     F               0         Blade 3 Y translation displacement, node 4, m
        180    7.912813124888E+001                                                     F               0         Blade 3 Z translation displacement, node 4, m
        181    9.842822803210E-001, -1.486058878459E-001,  9.541846123070E-002         F               0         Blade 3 X orientation angle, node 1, rad
        182    1.750835857682E-001,  7.504156997116E-001, -6.373554860679E-001         F               0         Blade 3 Y orientation angle, node 1, rad
        183    2.311126653075E-002,  6.440439175428E-001,  7.646393278111E-001         F               0         Blade 3 Z orientation angle, node 1, rad
        184    9.919824327511E-001, -1.262105403687E-001,  6.461626189158E-003         F               0         Blade 3 X orientation angle, node 2, rad
        185    1.008784643443E-001,  7.600083516195E-001, -6.420364794154E-001         F               0         Blade 3 Y orientation angle, node 2, rad
        186    7.612088113466E-002,  6.375407476926E-001,  7.666468590472E-001         F               0         Blade 3 Z orientation angle, node 2, rad
        187    9.875308416651E-001, -9.964161223338E-002, -1.218785701904E-001         F               0         Blade 3 X orientation angle, node 3, rad
        188   -8.423196066872E-004,  7.708421637264E-001, -6.370256267367E-001         F               0         Blade 3 Y orientation angle, node 3, rad
        189    1.574234012395E-001,  6.291851140429E-001,  7.611464806521E-001         F               0         Blade 3 Z orientation angle, node 3, rad
        190    9.683590767331E-001, -1.145507388127E-001, -2.217178990207E-001         F               0         Blade 3 X orientation angle, node 4, rad
        191   -5.166061917687E-002,  7.771767776633E-001, -6.271582230084E-001         F               0         Blade 3 Y orientation angle, node 4, rad
        192    2.441554401092E-001,  6.187684417440E-001,  7.466684247822E-001         F               0         Blade 3 Z orientation angle, node 4, rad
        193    1.066882861681E-001                                                     F               0         Blade 3 X translation velocity, node 1, m/s
        194   -1.451620241866E+000                                                     F               0         Blade 3 Y translation velocity, node 1, m/s
        195    1.219452690993E+000                                                     F               0         Blade 3 Z translation velocity, node 1, m/s
        196    1.237060511428E+000                                                     F               0         Blade 3 X translation velocity, node 2, m/s
        197   -2.372446804594E+001                                                     F               0         Blade 3 Y translation velocity, node 2, m/s
        198    1.893035318130E+001                                                     F               0         Blade 3 Z translation velocity, node 2, m/s
        199    1.009700565301E+000                                                     F               0         Blade 3 X translation velocity, node 3, m/s
        200   -4.341086302072E+001                                                     F               0         Blade 3 Y translation velocity, node 3, m/s
        201    3.550451354756E+001                                                     F               0         Blade 3 Z translation velocity, node 3, m/s
        202   -8.064493529399E-001                                                     F               0         Blade 3 X translation velocity, node 4, m/s
        203   -6.072235991435E+001                                                     F               0         Blade 3 Y translation velocity, node 4, m/s
        204    5.060188554514E+001                                                     F               0         Blade 3 Z translation velocity, node 4, m/s
        205    1.262287304512E+000                                                     F               0         Blade 3 X rotation velocity, node 1, rad/s
        206   -0.000000000000E+000                                                     F               0         Blade 3 Y rotation velocity, node 1, rad/s
        207   -1.104358292575E-001                                                     F               0         Blade 3 Z rotation velocity, node 1, rad/s
        208    1.256397895988E+000                                                     F               0         Blade 3 X rotation velocity, node 2, rad/s
        209   -3.839206448791E-002                                                     F               0         Blade 3 Y rotation velocity, node 2, rad/s
        210   -7.792077751846E-002                                                     F               0         Blade 3 Z rotation velocity, node 2, rad/s
        211    1.253703554669E+000                                                     F               0         Blade 3 X rotation velocity, node 3, rad/s
        212   -9.834035500107E-002                                                     F               0         Blade 3 Y rotation velocity, node 3, rad/s
        213   -2.734582001121E-002                                                     F               0         Blade 3 Z rotation velocity, node 3, rad/s
        214    1.254765955342E+000                                                     F               0         Blade 3 X rotation velocity, node 4, rad/s
        215   -1.643810008477E-001                                                     F               0         Blade 3 Y rotation velocity, node 4, rad/s
        216    2.824708673178E-002                                                     F               0         Blade 3 Z rotation velocity, node 4, rad/s
        217   -1.603108851774E-001                                                     F               0         Blade 3 X translation acceleration, node 1, m/s^2
        218   -1.551081859648E+000                                                     F               0         Blade 3 Y translation acceleration, node 1, m/s^2
        219   -1.832361802280E+000                                                     F               0         Blade 3 Z translation acceleration, node 1, m/s^2
        220   -2.926741334760E+000                                                     F               0         Blade 3 X translation acceleration, node 2, m/s^2
        221   -2.392318134725E+001                                                     F               0         Blade 3 Y translation acceleration, node 2, m/s^2
        222   -2.988233730101E+001                                                     F               0         Blade 3 Z translation acceleration, node 2, m/s^2
        223   -6.409890613897E+000                                                     F               0         Blade 3 X translation acceleration, node 3, m/s^2
        224   -4.464571721512E+001                                                     F               0         Blade 3 Y translation acceleration, node 3, m/s^2
        225   -5.442926626026E+001                                                     F               0         Blade 3 Z translation acceleration, node 3, m/s^2
