# Initial Orientations of hub and blade nodes for for NREL 5MW from the 5MW_Land_DLL_WTurb case
#
#  DCM for each node [ r11,r12,r13, r21,r22,r23, r31,r32,r33 ]
# Blade 1 -- 19 nodes
                       0.97222                      -0.23019                      -0.04245                       0.22997                       0.97315                      -0.01004                       0.04362                       0.00000                       0.99905
                       0.97222                      -0.23019                      -0.04245                       0.22997                       0.97315                      -0.01004                       0.04362                       0.00000                       0.99905
                       0.97222                      -0.23019                      -0.04245                       0.22997                       0.97315                      -0.01004                       0.04362                       0.00000                       0.99905
                       0.97222                      -0.23019                      -0.04245                       0.22997                       0.97315                      -0.01004                       0.04362                       0.00000                       0.99905
                       0.97222                      -0.23019                      -0.04245                       0.22997                       0.97315                      -0.01004                       0.04362                       0.00000                       0.99905
                       0.97906                      -0.19903                      -0.04275                       0.19884                       0.97999                      -0.00868                       0.04362                       0.00000                       0.99905
                       0.98338                      -0.17643                      -0.04294                       0.17626                       0.98431                      -0.00770                       0.04362                       0.00000                       0.99905
                       0.98672                      -0.15662                      -0.04308                       0.15648                       0.98766                      -0.00683                       0.04362                       0.00000                       0.99905
                       0.98982                      -0.13563                      -0.04322                       0.13550                       0.99076                      -0.00592                       0.04362                       0.00000                       0.99905
                       0.99254                      -0.11397                      -0.04334                       0.11386                       0.99348                      -0.00497                       0.04362                       0.00000                       0.99905
                       0.99468                      -0.09343                      -0.04343                       0.09334                       0.99563                      -0.00408                       0.04362                       0.00000                       0.99905
                       0.99638                      -0.07303                      -0.04350                       0.07296                       0.99733                      -0.00319                       0.04362                       0.00000                       0.99905
                       0.99756                      -0.05451                      -0.04355                       0.05446                       0.99851                      -0.00238                       0.04362                       0.00000                       0.99905
                       0.99823                      -0.04046                      -0.04358                       0.04042                       0.99918                      -0.00176                       0.04362                       0.00000                       0.99905
                       0.99869                      -0.02663                      -0.04360                       0.02661                       0.99965                      -0.00116                       0.04362                       0.00000                       0.99905
                       0.99893                      -0.01506                      -0.04361                       0.01505                       0.99989                      -0.00066                       0.04362                       0.00000                       0.99905
                       0.99903                      -0.00646                      -0.04362                       0.00645                       0.99998                      -0.00028                       0.04362                       0.00000                       0.99905
                       0.99905                      -0.00185                      -0.04362                       0.00185                       1.00000                      -0.00008                       0.04362                       0.00000                       0.99905
                       0.99905                      -0.00185                      -0.04362                       0.00185                       1.00000                      -0.00008                       0.04362                       0.00000                       0.99905
# Blade 2 -- 19 nodes
                       0.94930                       0.07833                      -0.30447                       0.30211                      -0.49527                       0.81452                      -0.08699                      -0.86520                      -0.49382
                       0.94930                       0.07833                      -0.30447                       0.30211                      -0.49527                       0.81452                      -0.08699                      -0.86520                      -0.49382
                       0.94930                       0.07833                      -0.30447                       0.30211                      -0.49527                       0.81452                      -0.08699                      -0.86520                      -0.49382
                       0.94930                       0.07833                      -0.30447                       0.30211                      -0.49527                       0.81452                      -0.08699                      -0.86520                      -0.49382
                       0.94930                       0.07833                      -0.30447                       0.30211                      -0.49527                       0.81452                      -0.08699                      -0.86520                      -0.49382
                       0.95845                       0.06249                      -0.27833                       0.27167                      -0.49752                       0.82382                      -0.08699                      -0.86520                      -0.49382
                       0.96445                       0.05103                      -0.25931                       0.24955                      -0.49882                       0.83000                      -0.08699                      -0.86520                      -0.49382
                       0.96926                       0.04100                      -0.24258                       0.23013                      -0.49975                       0.83504                      -0.08699                      -0.86520                      -0.49382
                       0.97393                       0.03039                      -0.22481                       0.20951                      -0.50050                       0.84000                      -0.08699                      -0.86520                      -0.49382
                       0.97827                       0.01945                      -0.20641                       0.18820                      -0.50105                       0.84471                      -0.08699                      -0.86520                      -0.49382
                       0.98195                       0.00911                      -0.18893                       0.16796                      -0.50134                       0.84879                      -0.08699                      -0.86520                      -0.49382
                       0.98518                      -0.00116                      -0.17151                       0.14782                      -0.50142                       0.85248                      -0.08699                      -0.86520                      -0.49382
                       0.98775                      -0.01046                      -0.15567                       0.12952                      -0.50132                       0.85552                      -0.08699                      -0.86520                      -0.49382
                       0.98948                      -0.01751                      -0.14362                       0.11561                      -0.50112                       0.85762                      -0.08699                      -0.86520                      -0.49382
                       0.99098                      -0.02445                      -0.13174                       0.10191                      -0.50083                       0.85953                      -0.08699                      -0.86520                      -0.49382
                       0.99210                      -0.03024                      -0.12178                       0.09043                      -0.50051                       0.86099                      -0.08699                      -0.86520                      -0.49382
                       0.99284                      -0.03455                      -0.11437                       0.08189                      -0.50023                       0.86201                      -0.08699                      -0.86520                      -0.49382
                       0.99320                      -0.03685                      -0.11040                       0.07732                      -0.50007                       0.86253                      -0.08699                      -0.86520                      -0.49382
                       0.99320                      -0.03685                      -0.11040                       0.07732                      -0.50007                       0.86253                      -0.08699                      -0.86520                      -0.49382
# Blade 3 -- 19 nodes
                       0.98405                       0.15185                       0.09271                       0.15520                      -0.47788                      -0.86461                      -0.08699                       0.86520                      -0.49382
                       0.98405                       0.15185                       0.09271                       0.15520                      -0.47788                      -0.86461                      -0.08699                       0.86520                      -0.49382
                       0.98405                       0.15185                       0.09271                       0.15520                      -0.47788                      -0.86461                      -0.08699                       0.86520                      -0.49382
                       0.98405                       0.15185                       0.09271                       0.15520                      -0.47788                      -0.86461                      -0.08699                       0.86520                      -0.49382
                       0.98405                       0.15185                       0.09271                       0.15520                      -0.47788                      -0.86461                      -0.08699                       0.86520                      -0.49382
                       0.98850                       0.13653                       0.06508                       0.12373                      -0.48248                      -0.86712                      -0.08699                       0.86520                      -0.49382
                       0.99108                       0.12540                       0.04512                       0.10096                      -0.48549                      -0.86839                      -0.08699                       0.86520                      -0.49382
                       0.99291                       0.11562                       0.02767                       0.08103                      -0.48791                      -0.86912                      -0.08699                       0.86520                      -0.49382
                       0.99440                       0.10524                       0.00922                       0.05994                      -0.49026                      -0.86951                      -0.08699                       0.86520                      -0.49382
                       0.99548                       0.09451                      -0.00977                       0.03822                      -0.49244                      -0.86951                      -0.08699                       0.86520                      -0.49382
                       0.99605                       0.08433                      -0.02772                       0.01766                      -0.49428                      -0.86912                      -0.08699                       0.86520                      -0.49382
                       0.99621                       0.07419                      -0.04550                      -0.00273                      -0.49591                      -0.86837                      -0.08699                       0.86520                      -0.49382
                       0.99598                       0.06498                      -0.06161                      -0.02122                      -0.49720                      -0.86738                      -0.08699                       0.86520                      -0.49382
                       0.99559                       0.05798                      -0.07380                      -0.03522                      -0.49806                      -0.86643                      -0.08699                       0.86520                      -0.49382
                       0.99500                       0.05108                      -0.08579                      -0.04900                      -0.49882                      -0.86532                      -0.08699                       0.86520                      -0.49382
                       0.99437                       0.04530                      -0.09579                      -0.06051                      -0.49937                      -0.86427                      -0.08699                       0.86520                      -0.49382
                       0.99381                       0.04100                      -0.10323                      -0.06906                      -0.49975                      -0.86341                      -0.08699                       0.86520                      -0.49382
                       0.99348                       0.03870                      -0.10720                      -0.07364                      -0.49993                      -0.86293                      -0.08699                       0.86520                      -0.49382
                       0.99348                       0.03870                      -0.10720                      -0.07364                      -0.49993                      -0.86293                      -0.08699                       0.86520                      -0.49382
